-8.440238022428515619e-01 -9.924316649011203140e+00 -1.635037549507502064e+01 1.904684425098764011e+00
9.654282141137884854e-02 5.233204669899476968e+00 -1.476642904449248661e+01 1.438575994264896352e+00
-5.265098023728050691e+00 -9.319558565062742161e+00 -8.761719863920275131e+00 -8.850520840759926955e+00
1.642814117963881326e+00 2.266338043351488807e+01 -2.162400536381857030e+00 -5.675200335538812979e+00
9.943399020784140063e+00 5.397836466281304979e+00 2.127174056417615233e+01 4.037333996068130482e+00
-7.848698822061845881e+00 -9.147423364174578353e-01 -4.894867918027387077e+00 -2.705539053281516892e+00
9.095868435849469691e+00 -1.991863841230991383e+01 6.274551140378275882e+00 7.312968283863222396e+00
-3.217865928414135990e+00 -2.418811729408874012e+00 -3.235413816854818769e+00 2.471672037087380858e+01
5.135836144272579729e-01 2.107801944134162664e+00 -1.809988309584180755e+01 -2.698006743301031740e+00
-4.643792778595467574e+00 -1.455658068490541801e+00 -1.782155021381485183e+00 -9.738248177154588348e+00
4.513720392750630417e+00 -1.024901367276132547e+01 -1.730919812794388690e+01 4.477249516001097440e+00
-3.046868166200981776e+00 -1.757399734302198269e+01 -1.676518051346089067e+01 -2.023233050846282133e+00
-1.374134012418315187e+01 -1.249109697066743863e+01 7.530594054274378557e+00 7.908823220130660303e+00
-1.780718711629718731e+00 1.058280377491935909e+01 8.586249569299782891e+00 2.343391577436472772e+01
8.831133892965519649e+00 -5.418190546392548157e+00 2.417872472686903862e+00 -6.537281341945279323e+00
-5.730643231661963988e+00 2.571774606956534370e+01 -3.411796165559673000e+01 -7.783342185753363562e-01
1.877980186333293844e+01 1.347615723312839897e+01 5.139972001593139161e+00 1.325058866025292303e+01
6.278815880668550342e+00 2.589458235439185518e+00 7.846625075728580256e+00 -5.628992717906649901e+00
3.012454246566307337e+00 -3.482818438246151782e+00 1.688755429486638704e+01 -1.459013036466841839e+01
2.526587974670598147e+00 -7.804823026543759035e+00 7.315087873447314593e-01 6.356742871292758501e+00
-6.474765262273310285e+00 -1.207593887096209739e+00 5.087980713423677415e+00 -6.940148956319680096e+00
-1.203866534410668709e+00 8.837903272752756223e-01 -2.008662572004188718e+01 -6.264020476261941361e+00
2.348093738139863262e+01 -1.338411115461621748e+01 -7.335805747333486337e+00 -1.466841591906250919e+01
-2.390436647641648449e+01 -1.968150411329379779e+01 1.373437608049332681e+00 1.225515420084220963e+01
-1.729380750067520367e+01 -2.181379593146467677e+00 1.165754687402962375e+01 1.640038208303498735e+01
7.308319224145972015e+00 2.065623619421946611e+00 9.492762763784508451e+00 -2.114151113492079759e+01
2.306770801607905153e+00 -8.564577113625110982e+00 2.824197978513620200e+00 8.708816247519235887e+00
6.234879616553326009e+00 5.962618486248927319e+00 2.986487202541262675e+01 -1.529048251537609637e+01
5.672454665136228869e+00 -1.439107272889072142e+01 1.529271545671772259e+00 1.087607332835114526e+01
-2.081010567318150351e+01 6.274423798345749148e+00 -7.916694721662772771e+00 7.350009384374571741e-01
-1.747135297546313382e+01 -3.077735652337401540e+00 1.206383571589796411e+01 8.509835264851936643e+00
-4.089075867766799988e+00 1.654476931644958171e+01 1.794438593935963411e+01 3.143762866937876765e+00
5.474847654004899589e+00 6.385755505568001311e+00 -4.269305986140848219e+00 -1.384406813841884087e+01
-1.760440498904105056e+01 3.451437699690751426e+00 2.287671501412461339e+00 4.194047475902705990e+00
1.495547936571160141e+00 1.418960413725167236e+00 1.500987962329533576e-01 2.382312064920011707e+01
1.826634724561685985e+01 1.075286945372173797e+01 -1.004539211073927163e+01 1.422231690346963950e-01
1.282854156539229606e+01 -2.015380013020250161e+01 -1.306188494632104025e+01 -6.793202754013369926e+00
-1.429510368987932623e+01 2.148842089180630133e+00 -2.263306314576361000e+00 -7.086844157954344858e+00
-4.139644423916341576e-01 -1.050825855098330663e+01 1.037129506738960494e+01 1.153136460750748427e+01
4.650786901301081633e-01 1.894675877537910580e+01 -2.233934349367569627e+00 -7.679081139296189740e+00
-4.566807629891398435e-01 1.105101483764044268e+01 -5.606785020446759304e+00 -1.507554221727766119e+01
-7.558387628667293967e+00 1.482067624539120843e+01 3.942299962428672977e+00 1.755087738784735407e+01
-2.656511886486019591e+01 -5.997075686818260642e+00 2.079346121312414475e+00 1.891826660278440286e+01
3.010514658726767934e+00 1.412895254885982865e+01 -1.296258178581337184e+01 8.024685296970247350e+00
-6.825767436898097174e+00 -5.259021465341152890e+00 -1.921147490066090668e+01 6.429350196597962253e+00
-1.406522918895268859e+01 2.635685366628135995e+01 1.747485898548620042e+01 7.012473199443681970e+00
5.207192008979699693e+00 -1.368201021948614304e+01 2.987571321353715170e+00 6.850748005899473192e+00
5.146007671054157129e+00 -1.762127244403337656e+01 -2.232325779541386623e+01 -1.665655391258619744e+01
-1.259658578830280540e+01 -5.538826014385566765e+00 -4.095006240923314778e+00 -7.664497995087500293e+00
-3.854879679777254431e+00 1.119004349103271245e+01 -7.688118026149338702e-01 6.852495661740612753e+00
7.583830804031776118e+00 -3.522901096490673734e+00 -1.066335446844945345e+01 1.091417371767608202e+01
-3.784641834858687304e+01 3.971368775285837760e+00 1.942047096357133995e+01 -7.297115346356277676e+00
-1.219262725113389401e+01 1.326795772250532801e+00 -3.218562606512751945e+00 1.048160574481934404e+01
-3.695019617960522140e+00 1.047859378638329275e+01 -9.299799948260343285e+00 -6.200735706182839202e+00
1.234827518729897378e+00 -6.360764813598196454e-01 7.406528100092502065e+00 4.229180212786538107e+00
-5.330958690736472327e+00 -6.724088100779937349e+00 8.373142169701683457e+00 -1.544028011281334756e+01
5.679142914743053439e+00 8.373722048384230732e+00 1.770944785246544306e+00 3.483858174190075374e+00
-3.486126067859954158e+00 6.655971932633462096e+00 -3.702904804866951949e+00 6.773203270673472609e+00
-6.850313746597143982e+00 5.412410287128902375e+00 -4.089966331171865477e+00 5.421714252624616037e+00
2.554368341676198639e+01 1.602260082416102627e+00 -4.749723570146648477e+00 2.651095782355772812e+00
-4.481507462817944543e+00 -4.966861543916777921e-01 -2.745518646760977077e+01 -8.241037580722618827e+00
-9.523952103894647081e+00 1.195413946727722454e+01 -2.015960165929295300e+01 8.501157520705863391e+00
1.855988336075132850e+01 1.050640822716366607e+01 4.230285984999618276e-01 -1.091488685639404377e+00
-5.992389509287238347e+00 -7.603749928411531300e+00 -7.578623269821914477e+00 -7.089048378338440592e+00
4.980815409359365731e+00 -7.140130557272162948e-01 -2.942316523438543996e+00 1.224813933129868637e+01
-1.258225613562847300e+01 -5.025875221098766943e+00 1.242297821041950634e+01 -1.434772144498484536e+01
1.913998790940717498e+01 7.644959205607067432e+00 1.516843240839142126e+01 -8.124590994324181636e+00
-1.407632285104041703e+00 -8.233703767034665333e+00 4.881501083701815347e+00 3.135991795860710418e+00
-2.393519724725778897e+00 7.741968128136704763e-01 -7.652649312128052550e+00 -4.907290675990781281e+00
-2.823892645428538373e+01 -1.961887941563898252e+01 -2.339763208024938734e+01 -2.886887976899724650e-01
-2.324336315973681621e+01 9.465496574811963271e+00 5.989135271587412213e+00 6.006600387192166046e+00
-7.658365810538313445e-01 1.112012522758198507e+01 5.712437126290248912e+00 -9.542119627468331089e+00
-4.981647035346949082e+00 -1.316730154905764572e+01 4.930336750714588767e+00 5.689882773434835173e+00
2.076313100941618472e+01 1.342694975652263167e+01 -6.082252048427806201e+00 -1.777620999951284730e+01
-1.928535017121514983e+01 -9.050631821013197964e+00 7.952858305313306175e+00 6.438662016455843684e+00
1.647859984873446137e+01 3.389748584808982557e+00 -5.729214295928719558e-01 -3.082156710937544286e+00
-1.004482341539920220e+01 9.301207763775056758e-01 -1.228086465994477550e+01 1.066716839253944293e+01
-9.013558180379529716e+00 -9.594073841651875156e+00 -1.065337138249908477e+01 6.258507355442644915e+00
8.932220040601524857e+00 -8.269146112317169894e+00 8.045532700686873540e+00 -3.010177000692284111e+00
5.118776536074473249e+00 -9.787920855716947255e-02 -2.987440925183033613e-01 -1.342530151496754698e+01
-8.690435033617877281e+00 -5.344195868707539709e+00 4.323666054500467482e+00 -1.390042323578420458e+01
2.398401829599394830e+01 1.185708425769074914e+01 -8.517653897868216362e+00 -5.639532617146948645e+00
-1.001390330305191512e+01 -1.455667312843317696e+01 3.247745195843921628e+00 5.746301944856248234e+00
1.602473236544692270e+01 7.433914548350769813e+00 2.707075868446129796e+00 -1.380772640600902790e+01
1.498786000264830420e+01 -3.235337420007491360e+00 2.634691076578532964e+00 -1.107544793056314525e+01
5.252112233902285432e+00 -4.619707423012417102e+00 -6.167406834305949381e+00 1.093901852453424306e+00
8.310804108033506665e+00 2.611428640669901657e+00 1.585928638260284274e+01 -1.244641545965595508e+00
2.236774268252320619e-01 6.668523674312497818e+00 1.172327101959788287e+01 9.334502124169555159e+00
-6.900945202053122562e-01 3.623374113812027453e+00 -1.500717645485416307e+00 -7.108440781959687094e+00
-1.933373311807624972e+01 4.280460874381980751e+00 -5.814739265327382611e+00 6.393434322417976823e-01
-5.924660609887162366e+00 3.647452060768331394e-01 -6.417030960215562629e+00 -1.779083603700960836e+01
-9.442936334810484666e+00 -5.628565176008908821e+00 4.109958414609032218e+00 -2.686888987897437797e+00
1.301994421310264016e+01 -3.664064596158321807e-01 -3.841189805821310532e+00 8.094510351548336757e+00
-1.130535719004290129e+01 2.932144889450921710e+01 5.403730982026657692e-01 2.458556455609409053e+00
1.656255131270058456e+01 1.810956618912037897e+01 -2.076908939108495500e-01 1.006260482227087749e+01
1.098565039240327579e+01 1.178877733518177884e+01 -3.679060776274086564e+00 -7.047293645954802344e+00
2.369445653084879755e+00 2.778867684895643286e+00 3.492697685327906143e+00 1.155131416131999167e+01
1.647149579578152157e+01 6.863134549602188272e+00 -1.587031636087665731e+00 3.351788235167564522e+00
-9.658406483392947828e-02 -2.489707683427988094e+00 -8.653595887380125973e+00 -9.504070091974458734e+00
