-1.645113447105912741e+01 -7.235381762555657303e+01 -1.794638796318826124e+01 2.378417098183938805e+01 -4.470374319543149966e+01 5.522590448989156187e+01 3.202831130465953891e+01 1.866112451570931752e+00
5.652813658106486372e+01 -3.381323262930931994e-01 -1.504530114695572607e+01 4.521518171361496741e+01 1.663732269907072236e+01 1.468916671931173212e+01 -4.087457537952199793e+00 -4.765024716624260748e+01
4.301375768216085049e+01 -9.533068287517528772e-01 -1.321821767374888523e+01 7.061491695028395910e+00 4.998897480961773887e+00 -1.377996256483858240e+01 -4.607965266416736760e+00 -1.057468282711284147e+01
-1.434631155970258476e+01 1.085682795580140247e+00 -1.368836365934612154e+01 -1.256940163753520778e+01 -4.727171932663711829e+00 -2.023575597976881824e+01 -2.070632855651356685e+00 -2.064495893063039489e+01
-1.851986325265756150e+01 1.466623859940906049e+00 -1.130138479381437122e+01 -1.376290355532208665e+01 -4.775940387240416030e+00 -9.852826971135067780e+00 -8.564461472302602463e-01 -1.312116010578555603e+01
-4.467219450054111363e+00 -1.110642260693755823e+00 -9.820776425309874824e+00 -3.203819235201433191e+00 -2.839967011211337322e+00 2.395087734154689230e+01 2.553083340288779812e+00 -1.046996656493991296e+01
1.457462591508772221e+01 6.348322333476048573e-01 -9.584727833085425530e+00 1.006814333026385100e+01 8.081307955855486114e+00 -7.117501885378432647e+00 -1.609895054408099657e+00 -1.439533990450073020e+01
-5.666500790251527420e-02 -4.175685791238293310e-01 -1.008861575930799148e+01 7.072881155859489510e-02 -9.867835357862289047e-01 1.353764260163482902e+01 6.287746361636326053e-01 -1.393169377708871615e+01
1.004277571152400839e+01 1.824368768280177688e+00 -8.592146602844540126e+00 1.956296958088825733e+01 4.005222169894463669e+00 1.961954747826760226e+01 -1.777135555527995958e+00 4.796203078233681083e+00
2.759817351375376404e+01 2.393812956498539091e+00 -8.242047560050950850e+00 7.232830613294196631e+00 7.756606774951856131e+00 -1.869001689840778013e+01 -3.867458462502272987e+00 4.617052711586062230e+00
-1.287868154911058127e+01 1.389911444113359318e+00 -7.147230541195847664e+00 -1.439560879281156858e+01 -7.016480575008613663e+00 -1.349924381312316690e+01 -2.236200992137926946e-01 -4.883783896166001171e+00
-3.144099539988245340e+01 2.949243970707447482e-01 -7.631613736920468405e+00 -2.611180671527724151e+00 -3.034178847026417714e+00 -9.209364249173951578e+00 -4.359550617357120572e+00 -1.389011701160816870e+01
-2.199062512960590965e+01 -1.545949530449149734e+00 -6.471224716054030601e+00 -6.624084363909245710e+00 -2.547322995073794338e+00 -2.062140597153402766e+01 -2.309863908982594971e+00 -2.345307654264261288e+01
-2.889730795370750727e+01 5.129709651606760845e-01 -6.440108592019872624e+00 -9.022944146921823005e+00 -6.676793355791049045e+00 1.055214883537301240e+01 2.916611848276981167e+00 -1.929332575646445491e+01
8.688022140608948618e+00 7.771698540959466328e-01 -5.154566746185325954e+00 1.730172801083910272e+01 1.870265036456491003e+00 3.148111135462060162e+01 3.206852418825663520e+00 4.877117802038561933e+00
4.131697243534360098e+01 -3.346833242988260793e-01 -3.750412385217525291e+00 1.226640574503606373e+01 1.006906386052514080e+01 9.649903373289880903e-01 2.385278352692762560e+00 -3.819474155363838719e+00
8.356283735585440908e+00 -9.661419400783672895e-01 -3.444011524670852697e+00 2.711652822260302020e+00 8.749579788164804084e-01 -3.083332806108403190e+01 -8.048954662693370565e+00 1.674911017440921057e+01
-1.118694398047053085e+01 -8.369101038465170950e-01 -3.105439983764792800e+00 -1.173369708211127715e+01 -7.948330343593004166e+00 1.335284805175167833e+01 1.070497091581675164e+00 2.542848804737414170e+01
1.026412824191466555e+01 -1.217287626500844988e+00 -1.862857954045316289e+00 2.178090281030252484e+00 4.908414330695814343e+00 5.667206414991920127e+00 -2.690741940346377259e-01 3.152235948367049900e+00
1.321145351002081192e+01 -6.019058669985430376e-02 -5.140928267098778814e-01 -3.968828156866369916e+00 1.147826092855092073e+00 1.791214408119109258e+00 4.360513202239246766e+00 -1.066338098960899217e+01
-2.061011230319636844e+00 -6.653016616080207335e-01 -4.285128099652651956e-02 5.885075445412942585e+00 -1.118443873449657566e+00 9.932139759397333734e+00 1.096552788393180267e-01 -5.752473363978238829e+00
1.404540101195404844e+01 2.882950516330155533e-01 -1.459365572951732970e-01 1.505004557324979508e+00 3.616679206547347647e+00 -3.609701546739925160e+00 2.226463927171840051e-01 -8.294888563956106964e+00
-8.110505479894985825e+00 -1.710443887875794822e+00 -1.966086747017947722e+00 -4.306221037876611035e+00 -1.335745246601182767e+00 -2.223230353618181354e+01 -2.306982725861361772e+00 -6.717696786714306256e+00
-2.127224475425920502e+01 1.894916668647092794e-01 -3.462840325942846853e+00 -1.988423489991095039e+01 -6.353271553581874898e+00 -1.493868519125786953e+01 -3.815704746561765504e-01 -2.344393275434295987e+01
-4.465329121049516914e+01 1.127067265790437783e-01 -4.073508896669650881e+00 3.130211166545144863e-01 -4.292995661404001240e+00 6.073641782721294291e+00 -7.319449654786193138e-01 -2.308467525537911769e+01
1.311496231768326304e+00 7.536874744386937719e-01 -5.042324681599367864e+00 1.305069749948257218e+01 1.893168916120305578e+00 2.125100567223186587e+01 1.360434234937901055e+00 -5.246476418600094505e+00
3.520069980721760317e+01 -3.580598150549826331e-01 -4.389171651829879117e+00 9.311610208893892349e-01 5.299507143981216473e+00 -7.961254254052222201e+00 2.773980390858628908e+00 -1.434343801506144978e+01
-8.198726146989747221e+00 2.248392381888165703e-01 -3.059543838062934729e+00 2.982670938026963814e+00 -2.930113651140474840e+00 1.361042362827834218e+01 1.993353675117318091e-01 -6.854662375480319980e+00
2.933054071713200273e+01 -1.246211173565640706e+00 -3.504975658099564573e+00 6.916163388195704087e-01 4.425122097939768295e+00 1.188994765655242603e+01 5.907517686284189828e+00 -1.309225019575202431e+01
8.084875570660006616e+00 1.100784176709294071e+00 -2.817539360145262517e+00 1.412417240765994642e+01 3.103568828162625692e+00 1.867933644858162978e+01 5.695244890272991301e-01 -8.322925070751658438e+00
1.960106693863599503e+01 -3.378628387530332455e-01 -1.606936407689144364e+00 8.317043102678754352e+00 6.283742037606024233e+00 -1.082049310548956811e+01 -2.741340197675581347e+00 3.134219352250105839e+00
-8.758228620096641492e+00 -3.384576368271748070e-02 -7.225791462234930629e-01 -1.239707050599440308e+00 -2.219055079095217486e+00 9.153185072373080544e+00 2.209456526719431047e+00 8.485310759697494376e+00
1.943519047494749685e+01 -2.967273459484387477e-01 -5.073234614315359492e-01 7.751267881695054207e+00 1.610978955435809601e+00 1.845009675893837908e+01 4.028768413369369306e+00 1.440891422771194286e+01
2.498227078060993733e+01 1.285337600130210145e+00 -1.421740621721153897e+00 3.697274847950486887e+00 6.081044505527951394e+00 -1.164358040375838144e+01 -1.584777038910990532e-01 2.221917466356492454e+00
-1.192808883813799348e+01 -1.141484813533625520e+00 -1.880741165267583170e+00 -2.362207268502467983e+00 -4.526707755743537120e+00 -1.687329070207916448e+00 8.956180902040207226e-01 7.872485595066629038e+00
-2.001436961542969684e+00 1.059139090378428127e+00 -6.611863795877803707e-01 9.403762882047990601e+00 3.992340653991911514e-01 2.503435553672272462e+01 1.914841671008945811e-01 1.928408232519553422e+01
3.518582862963068436e+01 4.183778032715033124e-01 -2.578202657868262193e+00 1.158552237454438583e+01 6.920144839690721916e+00 -4.301599247583212104e+00 -5.557049633001089894e-01 1.728038278823999718e+01
-9.523250045020672516e-01 -5.680711870664971741e-01 -4.031339178766184972e+00 -5.874084925546936731e+00 -3.387144816058125230e-01 -1.502800962607355828e+01 -3.658413261633111091e+00 -3.763151239583969243e+00
-2.242066514766126772e+01 -1.068246349751465818e+00 -2.219001176738127690e+00 -1.313930410698132434e+01 -4.816864867955916729e+00 -1.500223844217685709e+01 -2.043364283132552472e+00 -8.743453037798305516e+00
-2.406367629907882133e+01 -1.175709061182221182e+00 -2.344616819999101764e+00 -3.669311681952645898e+00 -7.022994207475919737e+00 1.729358914727546193e+01 2.158505811894738446e+00 -7.414429022037816175e+00
1.748205446743011393e+01 4.784131761638548558e-02 -1.239353766700153514e+00 4.886323133498507332e+00 7.375260704292480263e+00 -6.312940394307844372e+00 -2.640121927071628072e-01 -2.279913835985493797e+00
-1.664352425525996271e+00 -8.541632836060760736e-01 4.435597626491165624e-01 -9.886194348255880726e+00 -1.175596198458878749e+00 -1.948993644166444739e+01 -2.446697315510065973e+00 -2.629003768195384616e+00
-1.922795142882668529e+01 -1.304680772692182078e+00 1.815926369954182551e+00 -1.416948279489101736e+00 -5.631616643873982753e+00 1.516747784454507197e+01 4.738379902131433785e-01 1.735996007972890709e+01
-5.754518134578088251e-01 -6.180169298754125684e-01 2.483005011593959921e+00 1.739606272956800836e+01 5.408393181427740615e+00 1.271974349432841223e+01 1.286345310738506553e+00 1.657809419871617251e+01
2.576681006278544217e+01 6.955757286594047573e-01 2.508400282388570268e+00 1.232916897905292508e+01 3.930227975540319996e+00 -1.367135530128693599e+00 -2.037035210295853549e+00 2.976800154778497998e+01
-4.165346353589729489e+00 1.099329504687525327e+00 1.414603133571727955e+00 1.586380339862925037e+00 -2.652752166887255569e-01 -1.443651064085127800e+01 -4.832687448174462830e+00 2.190240901788659400e+01
-1.251201245886129243e+00 3.604059380883435915e-01 1.939535590933572973e+00 -4.087909619580183396e+00 -4.062419267578857962e+00 1.475395787559092398e+01 2.896056340076735403e+00 3.287253654491252775e+01
9.040641800204706868e+00 2.389218401244449230e-01 2.123157747979899757e+00 1.424311456534859488e+01 4.132549790683866853e+00 1.439175959104195712e+01 1.183916398335766562e+00 1.285471169312351059e+01
9.811431580241475103e+00 1.027777096141017088e+00 1.365604124138959818e+00 -1.094163552271489870e+00 5.667052161377245767e+00 -3.147941478891942779e+01 -3.961903917203048131e+00 -8.491551318317728914e+00
-3.833284406475026174e+01 1.136556313077000446e+00 -2.616143633301513116e-01 -2.054287484669244535e+01 -8.404484757143011464e+00 -1.691580914607601116e+01 -2.228501718307772439e+00 -9.333296923162148317e+00
-2.779786406345159477e+01 1.368642265073602982e+00 1.231089773429841827e+00 -5.551136242212566074e+00 -5.291468350356798744e+00 2.180962013580246772e+00 -1.854479192028408996e-01 -2.945161567788900925e-01
-3.881293918762109385e+00 3.798681341184839133e-01 1.147304759430255228e+00 6.083090277016218295e+00 1.135936715462535052e+00 2.060146652639327502e+00 -2.458301974411648327e+00 3.494147940196411728e+00
4.656480100532407462e-01 -2.335893035140531815e+00 -1.479240052666392913e-01 -2.865103475050506887e+00 -2.909872705425486927e-02 7.890258844679642891e-02 3.527339562030184617e+00 4.865226932799946447e-01
-6.462883778146919056e+00 -4.725839682317145574e-01 -2.847592816338279653e-01 7.040406197220563378e+00 1.125352568836421430e+00 8.397847010604150952e+00 -4.574755204651466123e-01 5.860752940451270376e+00
1.231474804737810835e+01 2.835241205876760234e-02 -3.931731565037282494e-01 2.099328743915447326e+00 5.279797677029893777e-01 -1.482265221018778334e+01 -2.383652352783240502e+00 6.442263936233930899e+00
-8.609196815002343683e+00 1.417324862640358674e-01 -3.161683382687960897e-01 -5.885047564853515212e+00 -5.579979357901446058e+00 8.204654937374218804e+00 2.395278606098999230e+00 6.910989668738234393e+00
1.836092864208259456e+00 -1.657626140056340722e-02 7.898034753302469735e-01 -2.830520907681066234e+00 1.878852363641668077e+00 -6.735232227411287909e+00 2.433159017723923068e+00 -1.482176214025344052e+01
-9.468130577603810494e-01 1.018962653535974150e+00 1.909549318594136125e+00 -2.598182145485967709e-01 -2.374049168355146122e+00 8.885277314079917943e+00 -9.275117643259029876e-01 1.878410146533563641e+00
6.505763051699148036e+00 -5.047775353080362626e-01 8.582782522446084084e-01 6.383242314078953150e+00 4.698026475971200711e+00 1.425440622073111729e+00 -2.473594000227089307e+00 9.918087227276972229e+00
4.019139636064063659e+00 -1.828985172259123937e+00 2.491336997688720079e-02 2.239006257054786619e+00 -9.273553996560111035e-01 -6.647218904546809970e-01 -1.588310526457271665e-01 1.463455285110428505e+01
1.194762645061145001e+01 6.934663699818766069e-01 -1.153116557928355324e+00 1.102863616789167001e+00 -6.705625741993351263e-02 6.187488749275105171e+00 2.348727249454176658e-01 8.735709660637684948e+00
-6.676391669663390260e+00 5.998022036610464180e-01 -5.098991734449612734e-01 -2.872322891501380759e+00 2.707060278850912383e+00 -3.238287273936141730e+01 -5.031941189260285441e+00 -2.654919762231971347e+00
-3.564874198836692898e+01 -1.799972104668467576e+00 -1.217301687709842373e+00 -1.413329117765874265e+01 -1.068137616990714278e+01 -1.432249424184777986e+01 -3.620708303538369144e+00 1.174910809390842914e+01
-1.279570775007542238e+01 8.120456104830032773e-01 -1.345884183702097836e+00 -9.914111265294414110e+00 -3.625219009534776049e+00 1.120549201973779052e+00 -3.659356762199819646e-01 1.550416496154802370e+00
-1.240326292784549089e+01 9.295980653301092467e-01 -2.209702250911831367e-01 -4.243479233964940533e+00 -1.940874199394179711e-01 -1.341117454226434624e+01 -1.330893075425706229e+00 -1.262647149560415194e+01
-1.446559226142734289e+01 9.039530469774715860e-01 -1.400077493211627999e+00 -2.544977241353329589e+00 -3.949585477463493977e+00 7.614595447015025442e+00 1.820312065108204980e+00 2.282675096634711132e+00
3.617658119130420680e+00 1.677886327066577365e+00 -2.941947171371961822e+00 -3.609911577316839981e+00 4.699271692085618124e-01 -3.639460749741060930e+00 2.924698148660215047e+00 -1.390106652418580424e+01
9.609412895785688136e+00 -7.337981271398134053e-01 -3.264576915833178550e+00 -3.289809938488006402e+00 -1.784657156517929666e+00 1.130268222321100602e+01 4.519081285654568347e+00 -9.952893135971175198e+00
4.979622484295256335e+00 -2.034545463452051006e+00 -4.211550961730038622e+00 1.051526907312669223e+01 2.758885079450014821e+00 1.154885375179752494e+01 -5.279874815840923663e-01 -9.885582086024498949e+00
1.526690629222165541e+01 1.223209616345035805e-01 -4.648225262157064996e+00 5.824272062302669362e+00 5.556775230517132513e+00 -1.260282703984677610e+01 -1.325935541326927147e+00 -6.761114337400373486e+00
-3.290378839733224225e+01 5.343786542299685527e-01 -5.414972856002509438e+00 -7.262297199030387951e+00 -5.489763945986916305e-01 -2.841354085690718279e+01 -5.075141873071096654e+00 -1.286850937121654148e+01
-3.509467237810074636e+01 1.192906166659968292e+00 -4.632083482084949466e+00 -1.281409519201023173e+01 -9.064675884794242577e+00 -7.934839590622031480e-01 9.516561681072952528e-01 -1.505151872612906061e+00
-3.298365762887807584e+00 1.092098758688141019e-01 -4.110690275084330381e+00 -4.299730869815242329e+00 1.249747747905231854e-01 -3.511954750044590234e+00 2.020130099087949382e+00 -9.422883335304923946e+00
-1.280556126796587080e+01 2.803647839703429234e-01 -3.142803873515936708e+00 1.468465785337612406e+00 -4.051836392448110225e+00 1.096770273317737932e+01 1.825434003751113199e+00 -1.179038295183621088e+01
2.183902310932985458e+01 1.899509223625446053e+00 -3.544445480592433029e+00 -3.737161972047398528e+00 2.077358153651862160e+00 -1.541386034645431380e+01 -1.465862220833232143e+00 -1.453048663198957868e+01
-2.514704914972836036e+01 1.191916971519225044e+00 -3.113352760400817765e+00 -7.352930281939295654e+00 -6.177734647138287016e+00 9.130469549153302111e+00 2.211953670479455347e+00 -8.015919268045088586e+00
1.041451460630274539e+01 -1.641112065757475424e-01 -3.687028347940308315e+00 3.806717722671807635e+00 3.320561925820245897e+00 2.234015154491610033e+00 1.018045249423177978e+00 -9.169801827797424920e+00
-4.152776451440653105e+00 -7.362471870019445808e-01 -3.062647018296891677e+00 6.253513479337005521e+00 -1.643931519402427321e-01 -4.522925330410751954e-01 -1.515566646705404752e+00 2.537848357811519406e+00
-8.034288581848262112e+00 -8.069140806250668652e-01 -2.461488486981243895e+00 1.010844111452590788e+00 8.992103586879571786e-01 -7.780741673094006217e+00 -3.002416458557560119e+00 9.628373664411449262e-02
-3.337114109703266163e+00 1.174856674893888231e+00 -1.644228067232276214e+00 -7.355972942504051204e+00 -1.678163025942473130e+00 3.094599675861166688e+00 4.252226818175925516e+00 -4.771938397404412058e+00
-6.555149477286372761e-01 -6.132652680923715849e-01 -2.644429111871979821e+00 -4.506685679666281530e+00 4.853843649901612989e-01 -7.590397209011239710e+00 6.084664868795136572e-01 -1.688409300965473392e+01
-1.257785462812730159e+01 6.141747279244823554e-01 -7.238977841220428644e-01 -1.041625229530708729e+01 -3.159834768578967168e+00 -1.121910437003151628e+01 4.876157887537810876e-01 -2.265959293348163328e+01
-7.414652895311943936e+00 -2.721562823870679604e-01 -1.035679057557943983e+00 -8.480353712268202671e+00 -3.675955353664454694e+00 -5.710682481142917766e+00 -1.928275378780706983e+00 -1.369637217612055125e+01
-2.219671725882038515e+01 1.382042919442862061e+00 -2.836204774689338182e-01 -3.221662938334034720e+00 2.203586181427370505e-01 4.563055601364474967e+00 -4.850720012111653379e-01 -1.542370791949589304e+01
1.276322952066185934e+01 -5.776795488224217845e-01 -2.868309202960069637e+00 -5.880060651386370907e+00 7.888907079521282339e-01 -6.169824778947519128e+00 -2.395605228790810282e-01 -1.446836488489720374e+01
-3.269574089224139612e+00 1.871444082572661260e+00 -2.805667028063158153e+00 -6.882520463801780508e+00 -4.038239459994745317e+00 -4.363710411104699816e+00 7.994324483952288674e-01 -1.979703362818213108e+01
-1.117376714082938527e+01 -1.707986122184871114e+00 -1.978126829228560979e+00 -1.814445908551924669e+00 -1.441456275887905480e+00 -2.284563422627865492e+00 -2.749845424902044755e+00 -1.393063154263425574e+01
6.496534280135534800e+00 -8.734673766638567649e-01 -2.956692416520652955e+00 -3.778358794407471244e+00 -5.299910735446498045e-01 1.142776192962134729e+01 2.966052680212089676e+00 -6.262190618372307505e+00
1.329322263487166822e+01 -3.024114088446178683e-01 -3.370171398983758060e+00 9.984783735729980236e+00 3.776576458043198414e+00 2.066397204862021653e+01 1.997132638585529474e+00 4.506010818668479523e+00
2.685428801707619684e+01 -3.509482211076723757e-01 -2.979905896794082132e+00 7.579705360513115053e+00 5.518540385609705723e+00 -4.970027914248941414e+00 -4.898412529892292033e-01 2.320751145663765058e+00
-5.022363631009791440e+00 1.490200285201963792e+00 -1.265969856119823378e+00 -1.084805507735260965e+00 -1.580233295059102927e+00 -9.720247421413958477e+00 -2.842281042081110876e+00 7.263078628567257056e+00
-1.351811099733865262e+01 1.627038236701594531e+00 -7.506981408610062800e-01 -1.411957807715347712e+01 -3.528830093206750895e+00 -2.455831583746441638e+01 -1.391577246092283504e+00 -1.061183735836463526e+01
-3.671291776724969225e+01 -1.134238590858697160e+00 2.841878473533061555e-01 -1.388239093794725321e+01 -5.693899032396871007e+00 -1.961886062756256655e+00 1.378223065526705815e+00 -1.352971785393964588e+01
-6.299623826237547242e+00 -7.774033183637965028e-01 -1.615281459827449639e+00 4.792370595982819559e+00 -1.131278229014844650e+00 9.273307948211916951e+00 -4.505225866136017276e-01 -6.171310138964590131e+00
1.982167828867195425e+01 -2.035094157768173595e+00 -3.485287060465648956e+00 5.228743451532740671e+00 2.519656487805243206e+00 4.788163487902595827e-01 -1.863279658232718905e+00 1.608542910476790766e+01
1.863088192521701103e+01 7.917278608919436911e-01 -3.703512973178880952e+00 6.260097111968732086e+00 1.298270518179368782e+00 1.226070014040317346e+01 1.382783300496275958e+00 2.413188877269156762e+01
2.302999797455632347e+01 6.392329285956757090e-01 -2.596257502834933728e+00 3.232863712562583203e+00 2.511330508121409899e+00 -4.975809768776207065e+00 6.760528770411514676e-01 1.259236333087856607e+01
5.448003615930629984e-01 -2.012857988223442085e-01 -2.403349327486929976e+00 4.174067371402903071e+00 -1.191652895379209820e+00 1.516323421120437231e+01 4.609091661532369599e-01 1.607933265575006487e+01
2.359605486179750855e+01 6.988383109729267018e-01 -1.344896053931126989e+00 9.710690971707080621e+00 4.640105451881384901e+00 5.955223913789103207e+00 1.420657937477937782e+00 1.423667734079988634e+01
9.429101830142659679e+00 6.094211809545658776e-01 -2.067490763166514700e+00 -2.804447626213286249e+00 9.507453375569629994e-01 -1.386345938032085812e+01 -2.004137780466028751e+00 2.501953278343371778e-01
